<?xml version="1.0"?>
<opencv_storage>
<calibration_time>"Thu 10 Jan 2019 11:42:26 AM -05"</calibration_time>
<nr_of_frames>25</nr_of_frames>
<image_width>640</image_width>
<image_height>480</image_height>
<board_width>4</board_width>
<board_height>11</board_height>
<square_size>100.</square_size>
<fix_aspect_ratio>1.</fix_aspect_ratio>
<!-- flags: +fix_aspectRatio +fix_principal_point +zero_tangent_dist +fix_k4 +fix_k5 -->
<flags>6158</flags>
<fisheye_model>0</fisheye_model>
<camera_matrix type_id="opencv-matrix">
  <rows>3</rows>
  <cols>3</cols>
  <dt>d</dt>
  <data>
    7.2339854521417794e+02 0. 320. 0. 7.2339854521417794e+02 240. 0. 0.
    1.</data></camera_matrix>
<distortion_coefficients type_id="opencv-matrix">
  <rows>5</rows>
  <cols>1</cols>
  <dt>d</dt>
  <data>
    -4.8972642482902640e-01 5.9293366728274099e+00 0. 0.
    -2.5714217256335065e+01</data></distortion_coefficients>
<avg_reprojection_error>1.2552088173187542e+01</avg_reprojection_error>
<per_view_reprojection_errors type_id="opencv-matrix">
  <rows>25</rows>
  <cols>1</cols>
  <dt>f</dt>
  <data>
    1.23861895e+01 1.29633684e+01 1.31346912e+01 1.33310995e+01
    1.33624573e+01 1.27123413e+01 1.18036757e+01 1.06661444e+01
    9.13057327e+00 8.74000359e+00 9.89813137e+00 1.09837332e+01
    1.21608038e+01 1.29341755e+01 1.36159620e+01 1.41800833e+01
    1.43297834e+01 1.43124208e+01 1.38666744e+01 1.37263451e+01
    1.34743166e+01 1.30590563e+01 1.21111994e+01 1.15872765e+01
    1.30372734e+01</data></per_view_reprojection_errors>
<!-- a set of 6-tuples (rotation vector + translation vector) for each view -->
<extrinsic_parameters type_id="opencv-matrix">
  <rows>25</rows>
  <cols>6</cols>
  <dt>d</dt>
  <data>
    2.1284726843657209e-01 -8.5108725174120325e-01
    -1.3851689927804751e+00 -8.8174589974532338e+01
    5.6833380566575258e+01 1.9261935000923138e+03 4.7538044777312188e-02
    -7.0664077876823406e-01 -1.5684805486961493e+00
    -9.1667228216097470e+01 1.3947927641932819e+02
    1.9325641291098809e+03 -1.1640664518492179e-01
    -5.7597566205390649e-01 -1.7810643481948727e+00
    -5.1732048951253219e+01 2.1099557521023772e+02
    1.9425838950583625e+03 -1.7798363276616308e-01
    -4.9061905328990696e-01 -1.8837530430465523e+00
    -5.4475926526082482e+01 2.7012709635004046e+02
    1.9603030437264820e+03 -2.3950872825584180e-01
    -4.5035117954044712e-01 -2.0082216901750698e+00
    -5.5741942030024369e+01 3.4899287506472797e+02
    1.9756979079834243e+03 -3.8635946637586349e-01
    -4.2701870107053386e-01 -2.1583227158732448e+00
    -1.7280152103947437e+01 4.1468274055552183e+02
    2.0013699434863126e+03 -5.5128429195878070e-01
    -4.3065357764410178e-01 -2.2770348121183663e+00
    1.3476878312624606e+01 4.2313144921347970e+02 2.0035838008746537e+03
    -7.1985032323120623e-01 -4.5779489589911376e-01
    -2.3338623159352654e+00 1.0642042767285925e+01
    3.9513570735052764e+02 1.9922844203499756e+03
    -9.2794966878866147e-01 -5.0986950912879081e-01
    -2.3517149810216580e+00 1.4863583056340344e+01
    3.4181626005314905e+02 1.9711435962348905e+03
    -7.2840021194643445e-01 -7.1296520933661156e-01
    -1.4405768708549713e+00 -3.9840540062535007e+02
    3.9583862737443877e+02 2.0011631649827525e+03
    -6.1755197443337484e-01 -6.3631367924649229e-01
    -1.4511002181245618e+00 -3.8365632752237110e+02
    4.2463199999502751e+02 2.0047118678406357e+03
    -5.3566463905467110e-01 -5.3708433598059901e-01
    -1.4677448530267114e+00 -3.6424142506437039e+02
    4.3961788583503022e+02 2.0097717226912503e+03
    -4.2074267812398924e-01 -4.3919976939586519e-01
    -1.4968521354832678e+00 -3.5093535125658684e+02
    4.5342070466646146e+02 2.0086326139544035e+03
    -3.3504224600873589e-01 -3.6840727597351031e-01
    -1.5098424494084501e+00 -3.4009084559970609e+02
    4.5556786785148142e+02 2.0171341847870933e+03
    -2.4891037052968640e-01 -2.9717094749858791e-01
    -1.5389488930211577e+00 -3.3769353256935824e+02
    4.6061280688916628e+02 2.0338572061598925e+03
    -1.5400971551050854e-01 -2.4519946611214091e-01
    -1.5669330434221347e+00 -3.4622437415938072e+02
    4.6857762263299122e+02 2.0472474287509565e+03
    -1.0822537162662867e-01 -1.6918913964295512e-01
    -1.5824212625571348e+00 -3.4440676953469267e+02
    4.7823084559007964e+02 2.1004653583505919e+03
    -1.6518818464326346e-02 4.2133811958242610e-04
    -1.5980952348745885e+00 -3.4786242417290987e+02
    4.9611066341179037e+02 2.2030401951277063e+03 1.9954126391156735e-01
    2.4868092644852127e-01 -1.6053605123139238e+00
    -3.5414987235466776e+02 5.0390994259048369e+02
    2.2985695541874675e+03 2.5382077443385204e-01 2.7401350401187363e-01
    -1.6142711489042394e+00 -3.4210031928405783e+02
    5.0465442208007846e+02 2.3033783196380350e+03 3.2799585539469772e-01
    3.1116147705999159e-01 -1.6120779947451593e+00
    -3.4638106332542486e+02 4.9231711404236336e+02
    2.3061667606142796e+03 4.2205156861294674e-01 3.4078726994507413e-01
    -1.6099266958333662e+00 -3.6193827076414453e+02
    4.8445293714291239e+02 2.3148917590181450e+03 5.2690537696199158e-01
    4.4128291785829832e-01 -1.5943656684173879e+00
    -3.6782520360700340e+02 4.8891683445963963e+02
    2.3316990556447809e+03 4.5760615690695133e-01 5.2297375820073488e-01
    -1.1838248707319305e+00 -3.6953175952724280e+02
    3.4511319522322657e+02 2.3494611188585714e+03 2.5073032901380715e-01
    4.1514632915419047e-01 -1.1024573878392778e+00
    -3.7487031202568716e+02 2.6268481189370544e+02
    2.3509948660357768e+03</data></extrinsic_parameters>
